       1      -0.050208                                                         
       2      -0.040994                                                         
       3      -0.028987                                                         
       4     474.304606                                                         
       5     479.528018                                                         
       6     481.333492                                                         
       7     495.673328                                                         
       8     501.246915                                                         
       9     502.593571                                                         
      10     525.489819                                                         
      11     525.984885                                                         
      12     526.424491                                                         
      13     527.644126                                                         
      14     527.987441                                                         
      15     531.449156                                                         
      16     531.573019                                                         
      17     534.400128                                                         
      18     535.537856                                                         
      19     536.831927                                                         
      20     536.989313                                                         
      21     543.133447                                                         
      22     546.312030                                                         
      23     553.092070                                                         
      24     563.768116                                                         
      25     564.243283                                                         
      26     601.554365                                                         
      27     603.759211                                                         
      28     603.790247                                                         
      29     606.660692                                                         
      30     607.516663                                                         
      31     609.627387                                                         
      32     610.850254                                                         
      33     613.164353                                                         
      34     617.011427                                                         
      35     620.340306                                                         
      36     649.602739                                                         
      37     709.751013                                                         
      38     711.506061                                                         
      39     716.004182                                                         
      40     719.662926                                                         
      41     719.959554                                                         
      42     745.014657                                                         
      43     746.278692                                                         
      44     747.137279                                                         
      45     754.153132                                                         
      46     755.744152                                                         
      47     756.512501                                                         
      48     758.672781                                                         
      49     760.988005                                                         
      50     764.712534                                                         
      51     765.319624                                                         
      52     767.965177                                                         
      53     771.185658                                                         
      54     772.231838                                                         
      55     772.813902                                                         
      56     774.381523                                                         
      57     775.447906                                                         
      58     777.811538                                                         
      59     783.235228                                                         
      60     809.285223                                                         
      61     835.697979                                                         
      62     839.631325                                                         
      63     841.643441                                                         
      64     846.817986                                                         
      65     848.744683                                                         
      66     848.845873                                                         
      67     852.859916                                                         
      68     854.761312                                                         
      69     861.181914                                                         
      70     861.376787                                                         
      71     872.942363                                                         
      72     876.889813                                                         
      73     881.493962                                                         
      74     882.588381                                                         
      75     887.818956                                                         
      76     888.550502                                                         
      77     905.430645                                                         
      78     907.153955                                                         
      79     908.114276                                                         
      80     909.210366                                                         
      81     909.906087                                                         
      82     912.139261                                                         
      83     912.434259                                                         
      84     929.046590                                                         
      85     973.919781                                                         
      86     974.860184                                                         
      87     977.279602                                                         
      88     978.126522                                                         
      89     981.613398                                                         
      90     981.925580                                                         
      91     983.897727                                                         
      92     992.839235                                                         
      93     999.716319                                                         
      94    1000.168897                                                         
      95    1009.093003                                                         
      96    1025.018181                                                         
      97    1030.354438                                                         
      98    1034.478540                                                         
      99    1036.258772                                                         
     100    1038.357953                                                         
     101    1045.564984                                                         
     102    1048.580176                                                         
     103    1063.863088                                                         
     104    1073.809075                                                         
     105    1078.135550                                                         
     106    1090.384857                                                         
     107    1092.766780                                                         
     108    1101.178256                                                         
     109    1104.491969                                                         
     110    1111.229978                                                         
     111    1112.994787                                                         
     112    1120.733387                                                         
     113    1123.306789                                                         
     114    1126.901682                                                         
     115    1130.468620                                                         
     116    1132.709275                                                         
     117    1135.350204                                                         
     118    1138.168451                                                         
     119    1138.710381                                                         
     120    1140.426115                                                         
     121    1147.836472                                                         
     122    1149.209040                                                         
     123    1150.334012                                                         
     124    1151.618011                                                         
     125    1152.758641                                                         
     126    1154.988929                                                         
     127    1156.196648                                                         
     128    1157.481908                                                         
     129    1158.015925                                                         
     130    1161.551766                                                         
     131    1161.561985                                                         
     132    1162.842104                                                         
     133    1166.864205                                                         
     134    1168.699532                                                         
     135    1169.065150                                                         
     136    1174.657791                                                         
     137    1179.770510                                                         
     138    1181.376508                                                         
     139    1182.211611                                                         
     140    1184.737748                                                         
     141    1185.342595                                                         
     142    1188.128257                                                         
     143    1191.754157                                                         
     144    1193.070856                                                         
     145    1193.392803                                                         
     146    1194.062567                                                         
     147    1194.545587                                                         
     148    1195.866360                                                         
     149    1196.366769                                                         
     150    1197.969593                                                         
     151    1198.116659                                                         
     152    1199.438122                                                         
     153    1200.300843                                                         
     154    1200.873063                                                         
     155    1201.482161                                                         
     156    1202.180146                                                         
     157    1202.471549                                                         
     158    1204.015554                                                         
     159    1206.002331                                                         
     160    1207.204074                                                         
     161    1207.252537                                                         
     162    1208.143051                                                         
     163    1209.236273                                                         
     164    1210.734615                                                         
     165    1214.554167                                                         
     166    1220.414568                                                         
     167    1220.870523                                                         
     168    1225.304328                                                         
     169    1226.613567                                                         
     170    1227.752091                                                         
     171    1231.763565                                                         
     172    1231.883828                                                         
     173    1232.748804                                                         
     174    1233.212694                                                         
     175    1240.529086                                                         
     176    1241.487060                                                         
     177    1241.957931                                                         
     178    1243.812806                                                         
     179    1253.067428                                                         
     180    1258.163046                                                         
     181    1271.531748                                                         
     182    1290.760677                                                         
     183    1293.570362                                                         
     184    1295.248470                                                         
     185    1296.391962                                                         
     186    1302.837402                                                         
     187    1304.558645                                                         
     188    1313.220744                                                         
     189    1317.021921                                                         
     190    1342.409359                                                         
     191    1343.782061                                                         
     192    3052.627974                                                         
